data/dem_x.asc
ncols        420
nrows        530
xllcorner    703078.639706056099
yllcorner    9303298.510759865865
cellsize     9.991273102283
NODATA_value -32767
[rows 440 to 494 of 530, columns 96 to 191 of 420]
35 36 37 37 37 37 37 37 37 37 37 37 37 37 37 37 37 37 37 37 37 37 37 37 37 37 37 37 37 37 37 37 37 37 37 37 37 37 37 37 37 37 37 37 37 37 37 37 37 36 35 33 30 27 23 19 15 14 18 28 29 29 27 25 24 24 27 28 29 30 31 30 29 28 26 21 14 13 15 21 25 27 27 28 28 28 28 28 28 27 27 27 27 27 26 26
35 36 37 37 37 37 37 37 37 37 37 37 37 37 37 37 37 37 37 37 37 37 37 37 37 37 37 37 37 37 37 37 37 37 37 37 37 37 37 37 37 37 37 37 37 37 37 37 37 37 36 34 32 30 26 22 17 14 16 -32767 28 29 28 25 24 24 25 26 27 28 29 28 26 25 24 20 14 13 16 22 25 27 27 28 28 28 28 28 28 27 27 27 27 27 27 27
36 36 37 37 37 37 37 37 37 37 37 37 37 37 37 37 37 37 37 37 37 37 37 37 37 37 37 37 37 37 37 37 37 37 37 37 37 37 37 37 37 37 37 37 37 37 37 37 37 37 36 35 34 32 29 26 20 15 14 19 27 28 28 26 24 23 24 24 25 26 26 25 24 23 22 19 14 14 18 23 26 27 28 28 28 28 28 28 28 28 27 27 27 27 27 27
36 36 37 37 37 37 37 37 37 37 37 37 37 37 37 37 37 37 37 37 37 37 37 37 37 37 37 37 37 37 37 37 37 37 37 37 37 37 37 37 37 37 37 37 37 37 37 37 37 37 37 36 35 34 32 29 22 16 13 15 -32767 27 27 25 24 23 23 23 23 24 24 23 22 22 20 17 13 14 18 24 27 28 29 29 28 28 28 28 28 28 28 28 27 27 27 27
36 36 37 37 37 37 37 37 37 37 37 37 37 37 37 37 37 37 37 37 37 37 37 37 37 37 37 37 37 37 37 37 37 37 37 37 37 37 37 37 37 37 37 37 37 37 37 37 37 37 37 36 36 35 33 30 25 18 14 14 17 26 25 23 23 22 22 22 22 23 23 22 22 21 19 14 13 14 20 25 28 29 30 30 29 29 29 28 28 28 28 28 28 28 28 27
36 36 36 37 37 37 37 37 37 37 37 37 37 37 37 37 37 37 37 37 37 37 37 37 37 37 37 37 37 37 37 37 37 37 37 37 37 37 37 37 37 37 37 37 37 37 37 37 37 37 37 36 36 35 34 31 26 21 15 13 14 -32767 21 22 22 22 22 22 22 22 22 22 21 20 17 14 13 16 23 27 29 30 31 31 30 30 30 29 28 28 28 28 28 28 28 27
36 36 36 36 37 37 37 37 37 37 37 37 37 37 37 37 37 37 37 37 37 37 37 37 37 37 37 37 37 37 37 37 37 37 37 37 37 37 37 37 37 37 37 37 37 37 37 37 37 37 36 36 36 35 34 31 28 23 18 15 14 15 19 20 21 22 21 21 22 22 22 21 21 19 16 13 14 19 25 28 29 31 31 31 31 30 30 30 29 29 28 28 28 28 27 27
36 36 36 36 36 37 37 37 37 37 37 37 37 37 37 37 37 37 37 37 37 37 37 37 37 37 37 37 37 37 37 37 37 37 37 37 37 37 37 37 37 37 37 37 37 37 37 37 37 37 36 36 36 36 34 32 29 26 23 19 15 14 15 17 19 20 21 21 21 21 21 21 21 19 15 14 16 22 27 29 31 31 31 31 31 31 31 30 29 29 29 28 28 28 27 25
36 36 36 36 36 37 37 37 37 37 37 37 37 37 37 37 37 37 37 37 37 37 37 37 37 37 37 37 37 37 37 37 37 37 37 37 37 37 37 37 37 37 37 37 37 37 37 37 37 37 37 36 36 36 35 32 29 27 26 24 19 15 14 16 17 19 20 21 21 21 21 21 20 19 14 15 20 25 28 30 31 31 31 31 31 31 31 30 29 29 29 28 28 27 25 23
36 36 36 36 36 37 37 37 37 37 37 37 37 37 37 37 37 37 37 37 37 37 37 37 37 37 37 37 37 37 37 37 37 37 37 37 37 37 37 37 37 37 37 37 37 37 37 37 37 37 37 36 36 36 35 31 28 26 26 26 23 18 15 14 15 16 19 20 20 21 21 20 19 16 14 16 23 26 28 29 31 31 31 31 31 31 31 30 29 29 29 28 28 26 24 21
36 36 36 36 36 37 37 37 37 37 37 37 37 37 37 37 37 37 37 37 37 37 37 37 37 37 37 37 37 37 37 37 37 37 37 37 37 37 37 37 37 37 37 37 37 37 37 37 37 37 37 36 36 36 34 30 27 25 25 25 24 21 18 15 -32767 14 16 18 19 19 19 18 16 14 15 20 25 27 28 28 29 30 31 31 31 31 31 30 29 29 28 28 27 24 21 18
36 36 36 36 36 36 37 37 37 37 37 37 37 37 37 37 37 37 37 37 37 37 37 37 37 37 37 37 37 37 37 37 37 37 37 37 37 37 37 37 37 37 37 37 37 37 37 37 37 37 37 37 36 35 33 31 28 26 25 24 24 23 20 17 15 13 14 15 16 17 16 15 14 14 17 23 26 27 27 28 28 29 30 31 31 31 30 30 29 29 28 27 25 22 19 17
36 36 36 36 36 36 37 37 37 37 37 37 37 37 37 37 37 37 37 37 37 37 37 37 37 37 37 37 37 37 37 37 37 37 37 37 37 37 37 37 37 37 37 37 37 37 37 37 37 37 37 37 36 34 32 30 28 26 24 24 24 23 22 20 18 15 13 13 14 14 13 13 13 15 20 25 27 27 27 27 27 28 29 29 30 30 29 29 29 28 27 26 24 20 17 16
36 36 36 36 36 36 37 37 37 37 37 37 37 37 37 37 37 37 37 37 37 37 37 37 37 37 37 37 37 37 37 37 37 37 37 37 37 37 37 37 37 37 37 37 37 37 37 37 37 37 37 36 34 32 29 27 26 25 24 24 24 23 23 22 21 19 -32767 14 14 15 15 15 15 18 23 26 27 27 27 27 27 27 28 28 28 28 28 28 28 27 26 25 22 18 16 17
36 36 36 36 36 36 37 37 37 37 37 37 37 37 37 37 37 37 37 37 37 37 37 37 37 37 37 37 37 37 37 37 37 37 37 37 37 37 37 37 37 37 37 37 37 37 37 37 37 37 37 35 32 28 26 25 25 24 24 24 24 23 23 24 24 23 21 20 -32767 17 18 18 19 22 23 26 27 27 27 27 27 27 27 27 27 27 27 27 26 26 25 23 19 17 16 19
36 36 36 36 36 37 37 37 37 37 37 37 37 37 37 37 37 37 37 37 37 37 37 37 37 37 37 37 37 37 37 37 37 37 37 37 37 37 37 37 37 37 37 37 37 37 37 37 37 37 36 32 28 25 24 24 24 24 24 24 24 24 24 25 25 25 23 22 21 21 22 -32767 22 23 25 26 26 26 26 26 26 26 26 26 26 26 26 26 26 25 23 20 17 16 18 21
36 36 36 36 36 37 37 37 37 37 38 37 37 37 37 37 37 37 37 37 37 37 37 37 37 37 37 37 37 37 37 37 37 37 37 37 37 37 37 37 37 37 37 37 37 37 37 37 37 36 33 29 25 24 24 24 24 24 24 24 24 24 24 25 25 25 24 23 23 22 23 23 23 24 26 26 26 26 26 26 26 26 26 26 26 26 26 25 25 23 20 17 16 18 21 24
36 36 36 36 36 37 37 37 37 38 38 38 38 38 38 38 37 37 37 37 37 37 37 37 37 37 37 37 37 37 37 37 37 37 37 37 37 37 37 37 37 37 37 37 37 37 37 37 36 35 31 27 25 24 24 24 24 24 24 25 25 25 25 25 25 25 25 24 24 23 23 23 24 25 25 26 26 26 26 26 26 26 26 26 26 25 25 24 23 20 18 16 17 20 24 26
36 36 36 36 36 37 37 37 38 38 38 38 38 38 38 38 38 37 37 37 37 37 37 37 37 37 37 37 37 37 37 37 37 37 37 37 37 37 37 37 37 37 37 37 37 37 37 37 36 34 29 26 24 24 24 24 24 24 24 25 26 26 26 25 25 25 25 25 25 24 24 24 24 25 25 26 26 26 26 26 26 26 26 26 25 25 24 22 19 17 16 17 20 23 26 27
37 37 37 37 37 37 37 37 38 38 38 38 38 38 38 38 38 38 37 37 37 37 37 37 37 37 37 37 37 37 37 37 37 37 37 37 37 37 37 37 37 37 37 37 37 37 37 36 36 32 28 25 24 24 24 24 24 24 24 25 25 26 26 26 26 26 26 25 25 25 24 24 24 25 25 26 26 26 26 26 26 26 26 26 25 25 22 19 17 16 17 19 22 25 26 27
37 37 37 37 37 37 37 38 38 38 38 38 38 38 38 38 38 38 37 37 37 37 37 37 37 37 37 37 37 37 37 37 37 37 37 37 37 37 37 37 37 37 37 37 37 37 37 36 35 31 26 25 24 24 24 24 24 24 24 25 25 25 26 26 26 26 26 25 25 25 25 25 25 25 25 25 26 26 26 26 26 26 26 26 25 23 20 17 16 16 18 21 24 25 27 27
37 37 37 37 37 37 37 38 38 38 38 38 38 38 38 38 38 38 38 37 37 37 37 37 37 37 37 37 37 37 37 37 37 37 37 37 37 37 37 37 37 37 37 37 37 37 37 36 33 28 26 25 25 25 24 24 25 25 25 25 25 25 25 26 26 26 25 25 25 25 25 25 25 25 25 25 26 26 26 26 26 26 26 26 25 22 18 16 16 18 20 23 24 25 25 25
38 38 38 37 37 37 38 38 38 38 38 38 38 38 38 38 38 38 38 38 37 37 37 37 37 37 37 37 37 37 37 37 37 37 37 37 37 37 37 37 37 37 37 37 37 37 36 34 31 26 25 25 25 25 25 25 25 25 25 25 25 25 25 25 25 25 25 25 25 25 25 25 25 25 25 25 25 26 26 27 28 28 28 26 23 19 17 16 17 20 21 22 23 23 22 21
38 38 38 38 38 38 38 38 38 38 38 38 38 38 38 38 38 38 38 38 38 38 37 37 37 37 37 37 37 37 37 37 37 37 37 37 37 37 37 37 37 37 37 37 37 37 36 33 29 26 25 25 25 25 25 25 25 25 25 25 25 25 25 25 25 25 25 25 25 25 25 25 25 25 25 25 25 26 27 28 30 31 30 26 21 17 16 16 19 21 22 22 21 20 19 18
38 38 38 38 38 38 38 38 38 38 38 38 38 38 38 38 38 38 38 38 38 38 38 37 37 37 37 37 37 37 37 37 37 37 37 37 37 37 37 37 37 37 37 37 37 36 35 33 30 27 25 25 25 25 25 25 25 25 25 25 25 25 25 25 25 25 25 25 25 25 25 25 25 25 25 25 26 27 29 31 32 33 30 26 20 17 16 18 20 21 21 20 19 18 17 17
39 39 39 39 39 38 38 38 38 38 38 38 38 38 38 38 38 38 38 38 38 38 38 38 38 37 37 37 37 37 37 37 37 37 37 37 37 37 37 37 37 37 37 37 37 36 35 33 31 28 26 25 25 25 25 25 26 26 26 27 26 26 25 25 25 25 25 25 25 25 26 26 25 25 25 26 27 30 32 34 34 34 30 24 18 16 17 18 20 21 20 18 17 17 17 18
39 40 40 40 39 39 38 38 38 38 38 38 38 38 38 38 38 38 38 38 38 38 38 38 38 38 37 37 37 37 37 37 37 37 37 37 37 37 37 37 37 37 37 37 37 36 35 33 31 28 26 26 25 25 25 26 26 27 28 28 28 27 26 25 25 25 25 25 26 27 29 28 26 25 25 27 29 32 34 35 35 34 29 23 17 16 17 19 20 20 18 17 17 17 18 20
40 40 40 40 40 39 39 39 39 39 38 38 38 38 38 38 38 38 38 38 38 38 38 38 38 38 38 37 37 37 37 37 37 37 37 37 37 37 37 37 37 37 37 37 37 36 35 33 31 29 27 26 26 26 26 26 27 28 29 30 30 29 28 27 26 26 26 27 28 30 32 32 28 26 26 27 29 32 35 36 36 34 28 22 17 17 18 20 20 18 16 17 17 18 20 21
40 40 40 40 40 39 39 39 39 39 38 38 38 38 38 38 38 38 38 38 38 38 38 38 38 38 38 37 37 37 37 37 37 37 37 37 37 37 37 37 37 37 37 37 36 35 34 33 31 29 27 27 27 27 27 27 28 29 30 32 33 33 32 31 29 29 29 30 31 32 34 35 32 29 28 29 31 34 36 36 36 33 28 21 17 17 19 20 -32767 16 16 16 18 20 21 22
40 40 40 40 40 40 39 39 39 39 39 38 38 38 38 38 38 38 38 38 38 38 38 38 38 38 38 38 37 37 37 37 37 37 37 37 37 37 37 37 37 37 37 37 36 35 34 32 31 29 28 28 28 28 28 28 29 30 32 34 35 35 35 35 33 33 33 33 33 34 35 36 35 34 33 33 34 36 36 36 36 34 28 21 17 17 19 19 18 16 16 17 19 21 22 22
40 40 40 40 40 40 40 39 39 39 39 39 38 38 38 38 38 38 38 38 38 38 38 38 38 38 38 38 38 37 37 37 37 37 37 37 37 37 37 37 37 37 37 37 36 35 34 32 31 30 29 29 29 29 29 29 29 31 33 35 36 36 36 36 36 36 36 36 35 36 36 37 37 36 36 36 37 37 37 37 36 34 28 20 17 16 18 18 16 16 16 18 20 21 22 23
40 40 40 40 40 40 40 39 39 39 39 39 38 38 38 38 38 38 38 38 38 38 38 38 38 38 38 38 38 37 37 37 37 37 37 37 37 37 37 37 37 37 37 37 36 35 34 32 31 30 29 29 29 29 29 29 30 32 34 36 36 36 37 37 37 37 37 37 37 37 37 37 37 37 37 37 37 37 37 37 36 34 27 19 16 16 16 16 16 16 17 19 21 22 24 24
40 40 40 40 40 40 40 39 39 39 39 39 38 38 38 38 38 38 38 38 38 38 38 38 38 38 38 38 38 38 37 37 37 37 37 37 37 37 37 37 37 37 37 36 35 35 33 32 31 30 29 29 30 30 30 30 31 33 34 36 37 37 37 37 37 37 37 37 37 37 37 37 37 37 37 37 37 37 37 37 36 33 26 19 16 16 16 -32767 16 16 18 20 21 22 24 25
40 40 40 40 40 40 40 40 39 39 39 39 38 38 38 38 38 37 37 37 38 38 38 38 38 38 38 38 38 38 37 37 37 37 37 37 37 37 37 37 37 37 37 36 35 34 32 31 30 29 29 30 31 31 31 32 33 34 35 36 37 38 38 38 37 37 37 37 37 37 37 37 37 37 37 37 37 37 37 37 36 33 26 19 16 16 16 -32767 16 17 19 20 21 24 25 26
40 40 40 40 40 40 40 40 40 39 39 39 39 38 38 38 38 37 37 37 37 38 38 38 38 38 38 38 38 38 38 37 37 37 37 37 37 37 37 37 37 37 37 36 35 34 32 31 30 30 30 31 32 32 33 34 36 36 36 37 37 38 38 38 37 37 37 37 37 37 37 37 37 37 37 37 37 37 37 37 36 33 27 20 17 16 16 16 16 18 19 21 23 25 26 26
40 40 40 40 40 40 40 40 40 39 39 39 39 38 38 38 38 37 37 37 37 37 38 38 38 38 38 38 38 38 38 38 37 37 37 37 37 37 37 36 36 36 36 36 35 33 32 31 30 30 30 32 33 33 34 35 37 37 37 37 38 38 38 38 37 37 37 37 37 37 37 37 37 37 37 37 37 37 37 37 36 33 28 22 17 16 16 16 17 18 20 21 24 26 27 28
40 40 40 40 40 40 40 40 40 40 39 39 39 39 38 38 38 37 37 37 37 37 37 38 38 38 38 38 38 38 38 38 37 37 37 37 37 37 36 36 36 35 35 35 34 33 32 32 31 31 32 33 34 33 34 35 37 37 38 38 38 38 38 38 37 37 37 37 37 37 37 37 37 37 37 37 37 37 37 37 36 33 29 24 18 17 16 17 -32767 19 20 24 26 28 29 29
40 40 40 40 40 40 40 40 40 40 39 39 39 39 38 38 38 38 37 37 37 37 37 38 38 38 38 38 38 38 38 38 38 38 37 37 37 37 36 36 35 35 34 34 33 32 32 32 32 32 33 34 34 34 35 36 37 37 38 38 38 38 37 37 37 37 37 37 37 37 36 36 36 37 37 37 37 37 37 36 35 33 30 26 21 18 18 18 19 21 23 26 28 29 30 30
40 40 40 40 40 40 40 40 40 40 39 39 39 39 39 38 38 38 37 37 37 37 37 37 38 38 38 38 38 38 38 38 38 38 37 37 37 37 36 35 35 34 34 33 33 32 32 32 33 33 34 35 35 34 35 36 37 37 38 38 38 38 38 36 36 36 37 37 36 35 33 33 34 35 36 36 36 36 36 34 33 32 30 27 24 21 20 21 22 23 25 27 28 30 30 30
40 40 40 40 40 40 40 40 40 40 39 39 39 39 39 38 38 38 38 37 37 37 37 37 38 38 38 38 38 38 38 38 38 38 37 37 37 36 35 35 34 34 34 33 33 33 33 33 33 34 35 35 35 35 36 37 37 38 38 38 38 38 38 37 35 35 35 35 33 31 29 29 31 32 33 33 33 33 32 31 30 29 28 27 25 24 23 24 25 26 27 28 29 30 30 30
41 40 40 40 40 40 40 40 40 40 39 39 39 39 39 38 38 38 38 38 38 38 38 38 38 38 38 38 38 38 38 38 38 38 37 37 36 36 35 35 34 34 34 33 33 33 33 34 34 35 36 36 36 36 37 37 37 38 38 38 38 38 38 37 34 33 32 30 28 26 24 25 26 27 27 28 28 29 27 27 26 25 24 25 25 25 25 26 27 28 29 29 30 30 30 30
41 41 41 41 40 40 40 40 40 39 39 39 39 39 39 38 38 38 38 38 38 38 38 38 38 38 38 39 39 38 38 38 38 38 37 37 36 36 35 35 34 34 34 33 33 33 34 35 35 36 36 36 36 37 37 37 37 37 38 38 38 38 38 37 34 31 28 25 23 22 22 21 21 21 21 21 21 22 21 21 21 20 20 21 22 24 25 26 27 29 29 30 30 30 30 30
41 41 41 41 41 40 40 40 40 40 39 39 39 39 39 38 38 38 38 38 38 38 39 39 39 39 39 39 39 39 38 38 38 38 37 37 36 36 35 35 35 34 34 34 34 34 34 35 36 36 36 36 37 37 37 37 37 37 37 38 38 38 38 36 33 29 25 21 20 19 19 18 18 18 17 17 17 17 17 17 17 17 18 18 19 20 21 22 24 26 27 27 28 28 28 29
41 41 41 41 41 41 41 40 40 40 39 39 39 39 39 39 38 38 38 38 38 39 39 39 39 39 39 39 39 39 39 38 38 38 37 37 36 36 35 35 35 34 34 34 34 34 35 36 36 36 36 37 37 37 37 37 37 37 37 37 37 37 36 33 29 25 21 18 17 17 17 17 17 17 17 17 17 17 17 17 17 17 17 17 17 17 17 18 19 20 21 22 24 25 26 26
41 41 41 41 41 41 41 40 40 40 40 39 39 39 39 39 39 39 39 39 39 39 39 39 39 39 39 39 39 39 39 39 38 38 37 37 37 36 36 35 35 35 34 34 34 34 35 36 36 36 37 37 37 37 37 37 37 37 37 37 36 34 31 27 23 19 18 17 17 17 18 18 18 19 19 20 19 19 19 19 19 19 18 18 18 17 17 17 17 17 17 18 19 20 22 22
41 41 41 41 41 41 41 41 40 40 40 39 39 39 39 39 39 39 39 39 39 39 39 39 39 39 39 39 39 39 39 39 38 38 38 37 37 36 36 35 35 35 35 35 35 35 35 36 36 37 37 37 37 37 37 37 37 37 37 37 35 31 26 21 18 17 17 18 18 19 20 20 21 22 22 22 22 21 21 21 21 21 20 20 19 18 18 18 17 17 17 17 17 17 17 18
41 41 41 41 41 41 41 41 40 40 40 40 39 39 39 39 39 39 39 39 39 39 39 39 39 39 39 39 39 39 39 39 38 38 38 37 37 36 36 36 35 35 35 35 35 35 36 36 37 37 37 37 37 37 37 37 37 37 37 36 34 28 22 18 17 17 18 20 21 22 22 22 22 22 23 25 24 24 24 24 24 24 24 23 23 22 22 21 20 19 18 18 18 18 17 17
41 41 41 41 41 41 41 41 41 41 41 40 40 39 39 39 39 39 39 39 39 39 39 39 39 39 39 39 39 39 39 39 38 38 38 37 37 37 36 36 35 35 35 35 35 35 36 36 37 37 37 37 37 37 37 37 37 37 37 36 32 25 19 17 17 18 20 23 24 23 24 25 25 25 25 26 26 25 25 25 25 25 25 25 24 24 24 23 23 22 22 22 21 20 19 18
41 41 41 41 41 41 41 41 41 41 41 41 40 40 40 39 39 39 39 39 39 39 39 39 40 40 40 40 40 39 39 39 38 38 38 37 37 37 36 36 36 35 35 35 35 35 36 37 37 37 37 37 37 37 37 37 37 37 37 34 30 23 18 17 17 19 23 25 25 25 25 26 26 26 26 27 27 26 26 26 26 26 26 26 25 25 25 25 24 24 24 23 23 22 21 20
41 41 41 41 41 41 41 41 41 41 41 41 41 41 40 40 40 39 39 39 39 39 39 40 40 40 40 40 40 39 39 39 39 38 38 37 37 37 37 36 36 36 36 36 36 36 36 37 37 37 37 38 38 38 38 37 37 37 36 34 29 23 18 17 18 21 24 25 26 26 26 26 26 27 27 27 27 27 27 27 27 27 27 26 26 26 26 26 26 25 25 25 24 24 23 22
41 41 41 41 41 41 41 41 41 41 41 41 41 41 41 40 40 40 40 40 40 40 40 40 40 40 40 40 40 39 39 39 39 38 38 37 37 37 37 36 36 36 36 36 36 36 36 37 37 37 38 38 38 38 38 38 37 37 36 33 28 23 18 17 18 21 23 26 26 26 26 26 27 27 27 27 27 27 27 27 27 27 27 27 27 27 27 27 27 26 26 26 26 25 25 24
41 41 41 41 41 41 41 41 41 41 41 41 41 41 41 40 40 40 40 40 40 40 40 40 40 40 40 40 40 39 39 39 39 38 38 38 37 37 37 37 36 36 36 36 36 36 36 37 37 38 38 38 38 38 38 38 37 37 36 33 28 23 18 17 18 21 -32767 26 26 26 27 27 27 27 27 27 28 28 28 28 28 28 28 28 28 28 28 28 28 27 27 27 27 27 26 25
41 41 41 41 41 41 41 42 42 42 41 41 41 41 41 41 41 41 40 40 40 40 40 40 40 40 40 40 40 39 39 39 39 39 38 38 38 37 37 37 36 36 36 36 36 36 36 37 37 38 38 38 38 38 38 38 38 37 36 33 28 23 18 17 18 21 25 26 26 26 27 27 27 27 27 27 28 28 29 29 29 29 29 29 29 30 30 30 30 29 29 29 29 29 28 27
41 41 41 41 41 41 41 42 42 42 42 41 41 41 41 41 41 41 40 40 40 40 40 40 40 40 40 40 40 40 40 40 40 39 39 38 38 38 37 37 36 36 36 36 36 36 37 37 37 38 38 38 38 38 38 38 38 37 36 33 28 23 19 17 17 19 23 25 26 26 27 27 27 27 27 28 28 28 29 29 30 30 30 31 31 31 32 32 32 32 31 31 31 31 30 30
41 41 41 41 41 41 42 42 42 42 42 42 41 41 41 41 41 41 41 40 40 40 40 40 40 40 40 40 40 40 40 40 40 39 39 38 38 38 37 37 37 36 36 36 36 37 37 37 37 38 38 38 38 38 38 38 38 37 36 33 28 24 20 18 17 17 21 24 25 26 27 27 27 27 28 28 28 28 28 29 29 30 31 32 32 33 34 34 34 34 34 33 33 33 33 33
